  can0  300   [8]  03 20 00 40 03 B6 00 00
  can0  301   [8]  00 00 7F FF 00 00 00 00
  can0  302   [8]  00 00 00 43 00 43 00 1F
  can0  303   [8]  00 00 00 00 14 00 04 44
  can0  304   [8]  10 3E 24 93 00 3F 00 00
  can0  305   [8]  7F 5A 24 93 00 00 00 00
  can0  306   [8]  00 8B 00 8B 00 23 00 1E
  can0  307   [8]  00 00 00 00 00 00 04 38
  can0  308   [8]  02 D7 02 1C 02 D0 0C 80
  can0  309   [8]  03 FE 00 AC 00 65 00 43
  can0  30A   [8]  00 04 40 00 00 05 FF 00
  can0  30B   [8]  97 FC 32 3F 03 9C 03 FF
  can0  30C   [8]  00 00 01 95 03 FF 52 80
  can0  30D   [8]  00 00 40 48 00 00 04 24
  can0  30E   [8]  00 00 00 00 00 00 00 00
  can0  30F   [8]  03 20 7F 00 00 00 00 20
  can0  300   [8]  04 46 0C 40 04 2C 00 00
  can0  301   [8]  00 00 7E FF 00 00 00 00
  can0  302   [8]  00 5E 00 43 00 43 00 1F
  can0  303   [8]  00 00 00 00 14 00 04 44
  can0  300   [8]  04 A4 0F 40 04 52 00 00
  can0  301   [8]  00 00 7E FF 00 00 00 00
  can0  302   [8]  00 7D 00 43 00 43 00 1F
  can0  303   [8]  00 00 00 00 14 00 04 44
  can0  304   [8]  10 3E 24 93 00 3F 00 00
  can0  305   [8]  7E 5A 24 93 00 00 00 00
  can0  306   [8]  00 8B 00 8B 00 24 00 1E
  can0  307   [8]  00 00 00 00 00 00 04 38
  can0  300   [8]  05 02 13 40 04 78 00 00
  can0  301   [8]  00 00 7D FF 00 00 00 00
  can0  302   [8]  00 9B 00 43 00 43 00 1F
  can0  303   [8]  00 00 00 00 14 00 04 44
  can0  300   [8]  05 60 17 40 04 9E 00 00
  can0  301   [8]  00 00 7D FF 00 00 00 00
  can0  302   [8]  00 B9 00 43 00 43 00 1F
  can0  303   [8]  00 00 00 00 14 00 04 44
  can0  304   [8]  10 3E 24 93 00 3F 00 00
  can0  305   [8]  7D 5A 24 93 00 00 00 00
  can0  306   [8]  00 8B 00 8B 00 24 00 1E
  can0  307   [8]  00 00 00 00 00 00 04 38
  can0  308   [8]  02 DC 02 1C 02 D0 0C 80
  can0  309   [8]  03 FE 00 AC 00 65 00 43
  can0  30A   [8]  00 04 40 00 00 05 FF 00
  can0  300   [8]  05 BE 1B 40 04 C4 00 00
  can0  301   [8]  00 00 7C FF 00 00 00 00
  can0  302   [8]  00 D8 00 43 00 43 00 1F
  can0  303   [8]  00 00 00 00 14 00 04 44
  can0  300   [8]  06 1C 1F 40 04 EA 00 00
  can0  301   [8]  00 00 7C FF 00 00 00 00
  can0  302   [8]  00 F6 00 43 00 43 00 1F
  can0  303   [8]  00 00 00 00 14 00 04 44
  can0  304   [8]  10 3E 24 93 00 3F 00 00
  can0  305   [8]  7C 5A 24 93 00 00 00 00
  can0  306   [8]  00 8B 00 8B 00 23 00 1E
  can0  307   [8]  00 00 00 00 00 00 04 38
  can0  300   [8]  06 7A 23 40 05 0F 00 00
  can0  301   [8]  00 00 7C FF 00 00 00 00
  can0  302   [8]  01 14 00 43 00 43 00 1F
  can0  303   [8]  00 00 00 00 14 00 04 44
  can0  300   [8]  06 D7 27 40 05 35 00 00
  can0  301   [8]  00 00 7B FF 00 00 00 00
  can0  302   [8]  01 32 00 43 00 43 00 1F
  can0  303   [8]  00 00 00 00 14 00 04 44
  can0  304   [8]  10 3E 24 93 00 3F 00 00
  can0  305   [8]  7B 5A 24 93 00 00 00 00
  can0  306   [8]  00 8B 00 8B 00 21 00 1E
  can0  307   [8]  00 00 00 00 00 00 04 38
  can0  308   [8]  02 DB 02 1C 02 D0 0C 80
  can0  309   [8]  03 FE 00 AC 00 65 00 43
  can0  30A   [8]  00 04 40 00 00 05 FF 00
  can0  30B   [8]  97 FC 32 41 03 9C 03 FF
  can0  30C   [8]  00 00 01 95 03 FF 52 80
  can0  30D   [8]  00 00 40 48 00 00 04 24
  can0  30E   [8]  00 00 00 00 00 00 00 00
  can0  30F   [8]  03 20 7F 00 00 00 00 20
  can0  300   [8]  07 35 2A 40 05 5B 00 00
  can0  301   [8]  00 00 7B FF 00 00 00 00
  can0  302   [8]  01 51 00 43 00 43 00 1F
  can0  303   [8]  00 00 00 00 14 00 04 44
  can0  300   [8]  07 92 2E 40 05 80 00 00
  can0  301   [8]  00 00 7B FF 00 00 00 00
  can0  302   [8]  01 6F 00 43 00 43 00 1F
  can0  303   [8]  00 00 00 00 14 00 04 44
  can0  304   [8]  10 3E 24 93 00 3F 00 00
  can0  305   [8]  7B 5A 24 93 00 00 00 00
  can0  306   [8]  00 8B 00 8B 00 21 00 1E
  can0  307   [8]  00 00 00 00 00 00 04 38
  can0  300   [8]  07 EF 32 40 05 A6 00 00
  can0  301   [8]  00 00 7A FF 00 00 00 00
  can0  302   [8]  01 8D 00 43 00 43 00 1F
  can0  303   [8]  00 00 00 00 14 00 04 44
  can0  300   [8]  08 4C 36 40 05 CB 00 00
  can0  301   [8]  00 00 7A FF 00 00 00 00
  can0  302   [8]  01 AB 00 43 00 43 00 1F
  can0  303   [8]  00 00 00 00 14 00 04 44
  can0  304   [8]  10 3E 24 93 00 3F 00 00
  can0  305   [8]  7A 5A 24 93 00 00 00 00
  can0  306   [8]  00 8B 00 8B 00 22 00 1E
  can0  307   [8]  00 00 00 00 00 00 04 38
  can0  308   [8]  02 D4 02 1C 02 D0 0C 80
  can0  309   [8]  03 FE 00 AC 00 65 00 43
  can0  30A   [8]  00 04 40 00 00 05 FF 00
  can0  300   [8]  08 A8 3A 40 05 F0 00 00
  can0  301   [8]  00 00 7A FF 00 00 00 00
  can0  302   [8]  01 C8 00 43 00 43 00 1F
  can0  303   [8]  00 00 00 00 14 00 04 44
  can0  300   [8]  09 04 3E 40 06 16 00 00
  can0  301   [8]  00 00 79 FF 00 00 00 00
  can0  302   [8]  01 E6 00 43 00 43 00 1F
  can0  303   [8]  00 00 00 00 14 00 04 44
  can0  304   [8]  10 3E 24 93 00 3F 00 00
  can0  305   [8]  79 5A 24 93 00 00 00 00
  can0  306   [8]  00 8B 00 8B 00 24 00 1E
  can0  307   [8]  00 00 00 00 00 00 04 38
  can0  300   [8]  09 60 41 40 06 3B 00 00
  can0  301   [8]  00 00 79 FF 00 00 00 00
  can0  302   [8]  02 04 00 43 00 43 00 1F
  can0  303   [8]  00 00 00 00 14 00 04 44
  can0  300   [8]  09 BC 45 40 06 60 00 00
  can0  301   [8]  00 00 79 FF 00 00 00 00
  can0  302   [8]  02 21 00 43 00 43 00 1F
  can0  303   [8]  00 00 00 00 14 00 04 44
  can0  304   [8]  10 3E 24 93 00 3F 00 00
  can0  305   [8]  79 5A 24 93 00 00 00 00
  can0  306   [8]  00 8B 00 8B 00 24 00 1E
  can0  307   [8]  00 00 00 00 00 00 04 38
  can0  308   [8]  02 D1 02 1C 02 D0 0C 80
  can0  309   [8]  03 FE 00 AC 00 65 00 43
  can0  30A   [8]  00 04 40 00 00 05 FF 00
  can0  30B   [8]  97 FC 32 40 03 9C 03 FF
  can0  30C   [8]  00 00 01 95 03 FF 52 80
  can0  30D   [8]  00 00 40 48 00 00 04 24
  can0  30E   [8]  00 00 00 00 00 00 00 00
  can0  30F   [8]  03 20 7F 00 00 00 00 20
  can0  300   [8]  0A 17 49 40 06 84 00 00
  can0  301   [8]  00 00 78 FF 00 00 00 00
  can0  302   [8]  02 3F 00 43 00 43 00 1F
  can0  303   [8]  00 00 00 00 14 00 04 44
  can0  300   [8]  0A 71 4D 40 06 A9 00 00
  can0  301   [8]  00 00 78 FF 00 00 00 00
  can0  302   [8]  02 5C 00 43 00 43 00 1F
  can0  303   [8]  00 00 00 00 14 00 04 44
  can0  304   [8]  10 3E 24 93 00 3F 00 00
  can0  305   [8]  78 5A 24 93 00 00 00 00
  can0  306   [8]  00 8B 00 8B 00 23 00 1E
  can0  307   [8]  00 00 00 00 00 00 04 38
  can0  300   [8]  0A CC 50 40 06 CD 00 00
  can0  301   [8]  00 00 78 FF 00 00 00 00
  can0  302   [8]  02 79 00 43 00 43 00 1F
  can0  303   [8]  00 00 00 00 14 00 04 44
  can0  300   [8]  0B 26 54 40 06 F2 00 00
  can0  301   [8]  00 00 77 FF 00 00 00 00
  can0  302   [8]  02 96 00 43 00 43 00 1F
  can0  303   [8]  00 00 00 00 14 00 04 44
  can0  304   [8]  10 3E 24 93 00 3F 00 00
  can0  305   [8]  77 5A 24 93 00 00 00 00
  can0  306   [8]  00 8B 00 8B 00 21 00 1E
  can0  307   [8]  00 00 00 00 00 00 04 38
  can0  308   [8]  02 D5 02 1C 02 D0 0C 80
  can0  309   [8]  03 FE 00 AC 00 65 00 43
  can0  30A   [8]  00 04 40 00 00 05 FF 00
  can0  300   [8]  0B 7F 58 40 07 16 00 00
  can0  301   [8]  00 00 77 FF 00 00 00 00
  can0  302   [8]  02 B3 00 43 00 43 00 1F
  can0  303   [8]  00 00 00 00 14 00 04 44
  can0  300   [8]  0B D8 5B 40 07 39 00 00
  can0  301   [8]  00 00 77 FF 00 00 00 00
  can0  302   [8]  02 D0 00 43 00 43 00 1F
  can0  303   [8]  00 00 00 00 14 00 04 44
  can0  304   [8]  10 3E 24 93 00 3F 00 00
  can0  305   [8]  77 5A 24 93 00 00 00 00
  can0  306   [8]  00 8B 00 8B 00 21 00 1E
  can0  307   [8]  00 00 00 00 00 00 04 38
  can0  300   [8]  0C 30 5F 40 07 5D 00 00
  can0  301   [8]  00 00 76 FF 00 00 00 00
  can0  302   [8]  02 EC 00 43 00 43 00 1F
  can0  303   [8]  00 00 00 00 14 00 04 44
  can0  300   [8]  0C 88 63 40 07 80 00 00
  can0  301   [8]  00 00 76 FF 00 00 00 00
  can0  302   [8]  03 08 00 43 00 43 00 1F
  can0  303   [8]  00 00 00 00 14 00 04 44
  can0  304   [8]  10 3E 24 93 00 3F 00 00
  can0  305   [8]  76 5A 24 93 00 00 00 00
  can0  306   [8]  00 8B 00 8B 00 21 00 1E
  can0  307   [8]  00 00 00 00 00 00 04 38
  can0  308   [8]  02 DB 02 1C 02 D0 0C 80
  can0  309   [8]  03 FE 00 AC 00 65 00 43
  can0  30A   [8]  00 04 40 00 00 05 FF 00
  can0  30B   [8]  98 FC 32 3F 03 9C 03 FF
  can0  30C   [8]  00 00 01 95 03 FF 52 80
  can0  30D   [8]  00 00 40 48 00 00 04 24
  can0  30E   [8]  00 00 00 00 00 00 00 00
  can0  30F   [8]  03 20 7F 00 00 00 00 20
  can0  300   [8]  0C E0 66 40 07 A4 00 00
  can0  301   [8]  00 00 76 FF 00 00 00 00
  can0  302   [8]  03 25 00 43 00 43 00 1F
  can0  303   [8]  00 00 00 00 14 00 04 44
  can0  300   [8]  0D 36 6A 40 07 C7 00 00
  can0  301   [8]  00 00 75 FF 00 00 00 00
  can0  302   [8]  03 40 00 43 00 43 00 1F
  can0  303   [8]  00 00 00 00 14 00 04 44
  can0  304   [8]  10 3E 24 93 00 3F 00 00
  can0  305   [8]  75 5A 24 93 00 00 00 00
  can0  306   [8]  00 8B 00 8B 00 23 00 1E
  can0  307   [8]  00 00 00 00 00 00 04 38
  can0  300   [8]  0D 8D 6D 40 07 EA 00 00
  can0  301   [8]  00 00 75 FF 00 00 00 00
  can0  302   [8]  03 5C 00 43 00 43 00 1F
  can0  303   [8]  00 00 00 00 14 00 04 44
  can0  300   [8]  0D E2 71 40 08 0C 00 00
  can0  301   [8]  00 00 75 FF 00 00 00 00
  can0  302   [8]  03 78 00 43 00 43 00 1F
  can0  303   [8]  00 00 00 00 14 00 04 44
  can0  304   [8]  10 3E 24 93 00 3F 00 00
  can0  305   [8]  75 5A 24 93 00 00 00 00
  can0  306   [8]  00 8B 00 8B 00 24 00 1E
  can0  307   [8]  00 00 00 00 00 00 04 38
  can0  308   [8]  02 DC 02 1C 02 D0 0C 80
  can0  309   [8]  03 FE 00 AC 00 65 00 43
  can0  30A   [8]  00 04 40 00 00 05 FF 00
  can0  300   [8]  0E 37 74 40 08 2E 00 00
  can0  301   [8]  00 00 74 FF 00 00 00 00
  can0  302   [8]  03 93 00 43 00 43 00 1F
  can0  303   [8]  00 00 00 00 14 00 04 44
  can0  300   [8]  0E 8B 78 40 08 50 00 00
  can0  301   [8]  00 00 74 FF 00 00 00 00
  can0  302   [8]  03 AE 00 43 00 43 00 1F
  can0  303   [8]  00 00 00 00 14 00 04 44
  can0  304   [8]  10 3E 24 93 00 3F 00 00
  can0  305   [8]  74 5A 24 93 00 00 00 00
  can0  306   [8]  00 8B 00 8B 00 24 00 1E
  can0  307   [8]  00 00 00 00 00 00 04 38
  can0  300   [8]  0E DF 7B 40 08 72 00 00
  can0  301   [8]  00 00 74 FF 00 00 00 00
  can0  302   [8]  03 CA 00 43 00 43 00 1F
  can0  303   [8]  00 00 00 00 14 00 04 44
  can0  300   [8]  0F 32 7F 40 08 93 00 00
  can0  301   [8]  00 00 73 FF 00 00 00 00
  can0  302   [8]  03 E4 00 43 00 43 00 1F
  can0  303   [8]  00 00 00 00 14 00 04 44
  can0  304   [8]  10 3E 24 93 00 3F 00 00
  can0  305   [8]  73 5A 24 93 00 00 00 00
  can0  306   [8]  00 8B 00 8B 00 22 00 1E
  can0  307   [8]  00 00 00 00 00 00 04 38
  can0  308   [8]  02 D6 02 1C 02 D0 0C 80
  can0  309   [8]  03 FE 00 AC 00 65 00 43
  can0  30A   [8]  00 04 40 00 00 05 FF 00
  can0  30B   [8]  98 FC 32 3E 03 9C 03 FF
  can0  30C   [8]  00 00 01 95 03 FF 52 80
  can0  30D   [8]  00 00 40 48 00 00 04 24
  can0  30E   [8]  00 00 00 00 00 00 00 00
  can0  30F   [8]  03 20 7F 00 00 00 00 20
  can0  300   [8]  0F 84 82 40 08 B5 00 00
  can0  301   [8]  00 00 73 FF 00 00 00 00
  can0  302   [8]  03 FF 00 43 00 43 00 1F
  can0  303   [8]  00 00 00 00 14 00 04 44
  can0  300   [8]  0F D6 85 40 08 D6 00 00
  can0  301   [8]  00 00 73 FF 00 00 00 00
  can0  302   [8]  04 19 00 43 00 43 00 1F
  can0  303   [8]  00 00 00 00 14 00 04 44
  can0  304   [8]  10 3E 24 93 00 3F 00 00
  can0  305   [8]  73 5A 24 93 00 00 00 00
  can0  306   [8]  00 8B 00 8B 00 21 00 1E
  can0  307   [8]  00 00 00 00 00 00 04 38
  can0  300   [8]  10 26 89 40 08 F6 00 00
  can0  301   [8]  00 00 72 FF 00 00 00 00
  can0  302   [8]  04 33 00 43 00 43 00 1F
  can0  303   [8]  00 00 00 00 14 00 04 44
  can0  300   [8]  10 76 8C 40 09 16 00 00
  can0  301   [8]  00 00 72 FF 00 00 00 00
  can0  302   [8]  04 4D 00 43 00 43 00 1F
  can0  303   [8]  00 00 00 00 14 00 04 44
  can0  304   [8]  10 3E 24 93 00 3F 00 00
  can0  305   [8]  72 5A 24 93 00 00 00 00
  can0  306   [8]  00 8B 00 8B 00 21 00 1E
  can0  307   [8]  00 00 00 00 00 00 04 38
  can0  308   [8]  02 D1 02 1C 02 D0 0C 80
  can0  309   [8]  03 FE 00 AC 00 65 00 43
  can0  30A   [8]  00 04 40 00 00 05 FF 00
  can0  300   [8]  10 C6 8F 40 09 36 00 00
  can0  301   [8]  00 00 72 FF 00 00 00 00
  can0  302   [8]  04 67 00 43 00 43 00 1F
  can0  303   [8]  00 00 00 00 14 00 04 44
  can0  300   [8]  11 14 92 40 09 56 00 00
  can0  301   [8]  00 00 72 FF 00 00 00 00
  can0  302   [8]  04 80 00 43 00 43 00 1F
  can0  303   [8]  00 00 00 00 14 00 04 44
  can0  304   [8]  10 3E 24 93 00 3F 00 00
  can0  305   [8]  72 5A 24 93 00 00 00 00
  can0  306   [8]  00 8B 00 8B 00 23 00 1E
  can0  307   [8]  00 00 00 00 00 00 04 38
  can0  300   [8]  11 62 96 40 09 75 00 00
  can0  301   [8]  00 00 71 FF 00 00 00 00
  can0  302   [8]  04 99 00 43 00 43 00 1F
  can0  303   [8]  00 00 00 00 14 00 04 44
  can0  300   [8]  0B D2 00 40 03 B6 00 00
  can0  301   [8]  00 00 7F FF 00 00 00 00
  can0  302   [8]  02 CE 00 43 00 43 00 1F
  can0  303   [8]  00 00 00 00 14 00 04 44
  can0  304   [8]  10 3E 24 93 00 3F 00 00
  can0  305   [8]  7F 5A 24 93 00 00 00 00
  can0  306   [8]  00 8B 00 8B 00 24 00 1E
  can0  307   [8]  00 00 00 00 00 00 04 38
  can0  308   [8]  02 D4 02 1C 02 D0 0C 80
  can0  309   [8]  03 FE 00 AC 00 65 00 43
  can0  30A   [8]  00 04 40 00 00 05 FF 00
  can0  30B   [8]  99 FC 32 3F 03 9C 03 FF
  can0  30C   [8]  00 00 01 95 03 FF 52 80
  can0  30D   [8]  00 00 40 48 00 00 04 24
  can0  30E   [8]  00 00 00 00 00 00 00 00
  can0  30F   [8]  03 20 7F 00 00 00 00 20
  can0  300   [8]  11 FA 9C 40 09 B3 00 00
  can0  301   [8]  00 00 71 FF 00 00 00 00
  can0  302   [8]  04 CA 00 43 00 43 00 1F
  can0  303   [8]  00 00 00 00 14 00 04 44
  can0  300   [8]  12 45 9F 40 09 D1 00 00
  can0  301   [8]  00 00 70 FF 00 00 00 00
  can0  302   [8]  04 E2 00 43 00 43 00 1F
  can0  303   [8]  00 00 00 00 14 00 04 44
  can0  304   [8]  10 3E 24 93 00 3F 00 00
  can0  305   [8]  70 5A 24 93 00 00 00 00
  can0  306   [8]  00 8B 00 8B 00 24 00 1E
  can0  307   [8]  00 00 00 00 00 00 04 38
  can0  300   [8]  12 8F A2 40 09 EF 00 00
  can0  301   [8]  00 00 70 FF 00 00 00 00
  can0  302   [8]  04 FA 00 43 00 43 00 1F
  can0  303   [8]  00 00 00 00 14 00 04 44
  can0  300   [8]  12 D8 A5 40 0A 0C 00 00
  can0  301   [8]  00 00 70 FF 00 00 00 00
  can0  302   [8]  05 12 00 43 00 43 00 1F
  can0  303   [8]  00 00 00 00 14 00 04 44
  can0  304   [8]  10 3E 24 93 00 3F 00 00
  can0  305   [8]  70 5A 24 93 00 00 00 00
  can0  306   [8]  00 8B 00 8B 00 22 00 1E
  can0  307   [8]  00 00 00 00 00 00 04 38
  can0  308   [8]  02 DA 02 1C 02 D0 0C 80
  can0  309   [8]  03 FE 00 AC 00 65 00 43
  can0  30A   [8]  00 04 40 00 00 05 FF 00
  can0  300   [8]  13 20 A8 40 0A 29 00 00
  can0  301   [8]  00 00 70 FF 00 00 00 00
  can0  302   [8]  05 29 00 43 00 43 00 1F
  can0  303   [8]  00 00 00 00 14 00 04 44
  can0  300   [8]  13 67 AB 40 0A 46 00 00
  can0  301   [8]  00 00 6F FF 00 00 00 00
  can0  302   [8]  05 40 00 43 00 43 00 1F
  can0  303   [8]  00 00 00 00 14 00 04 44
  can0  304   [8]  10 3E 24 93 00 3F 00 00
  can0  305   [8]  6F 5A 24 93 00 00 00 00
  can0  306   [8]  00 8B 00 8B 00 21 00 1E
  can0  307   [8]  00 00 00 00 00 00 04 38
  can0  300   [8]  13 AE AE 40 0A 62 00 00
  can0  301   [8]  00 00 6F FF 00 00 00 00
  can0  302   [8]  05 57 00 43 00 43 00 1F
  can0  303   [8]  00 00 00 00 14 00 04 44
  can0  300   [8]  13 F3 B1 40 0A 7E 00 00
  can0  301   [8]  00 00 6F FF 00 00 00 00
  can0  302   [8]  05 6D 00 43 00 43 00 1F
  can0  303   [8]  00 00 00 00 14 00 04 44
  can0  304   [8]  10 3E 24 93 00 3F 00 00
  can0  305   [8]  6F 5A 24 93 00 00 00 00
  can0  306   [8]  00 8B 00 8B 00 21 00 1E
  can0  307   [8]  00 00 00 00 00 00 04 38
  can0  308   [8]  02 DC 02 1C 02 D0 0C 80
  can0  309   [8]  03 FE 00 AC 00 65 00 43
  can0  30A   [8]  00 04 40 00 00 05 FF 00
  can0  30B   [8]  9A FC 32 41 03 9C 03 FF
  can0  30C   [8]  00 00 01 95 03 FF 52 80
  can0  30D   [8]  00 00 40 48 00 00 04 24
  can0  30E   [8]  00 00 00 00 00 00 00 00
  can0  30F   [8]  03 20 7F 00 00 00 00 20
  can0  300   [8]  14 37 B3 40 0A 9A 00 00
  can0  301   [8]  00 00 6E FF 00 00 00 00
  can0  302   [8]  05 83 00 43 00 43 00 1F
  can0  303   [8]  00 00 00 00 14 00 04 44
  can0  300   [8]  14 7A B6 40 0A B5 00 00
  can0  301   [8]  00 00 6E FF 00 00 00 00
  can0  302   [8]  05 98 00 43 00 43 00 1F
  can0  303   [8]  00 00 00 00 14 00 04 44
  can0  304   [8]  10 3E 24 93 00 3F 00 00
  can0  305   [8]  6E 5A 24 93 00 00 00 00
  can0  306   [8]  00 8B 00 8B 00 22 00 1E
  can0  307   [8]  00 00 00 00 00 00 04 38
  can0  300   [8]  14 BC B9 40 0A CF 00 00
  can0  301   [8]  00 00 6E FF 00 00 00 00
  can0  302   [8]  05 AE 00 43 00 43 00 1F
  can0  303   [8]  00 00 00 00 14 00 04 44
  can0  300   [8]  14 FD BC 40 0A E9 00 00
  can0  301   [8]  00 00 6E FF 00 00 00 00
  can0  302   [8]  05 C3 00 43 00 43 00 1F
  can0  303   [8]  00 00 00 00 14 00 04 44
  can0  304   [8]  10 3E 24 93 00 3F 00 00
  can0  305   [8]  6E 5A 24 93 00 00 00 00
  can0  306   [8]  00 8B 00 8B 00 24 00 1E
  can0  307   [8]  00 00 00 00 00 00 04 38
  can0  308   [8]  02 D8 02 1C 02 D0 0C 80
  can0  309   [8]  03 FE 00 AC 00 65 00 43
  can0  30A   [8]  00 04 40 00 00 05 FF 00
  can0  300   [8]  15 3D BE 40 0B 03 00 00
  can0  301   [8]  00 00 6D FF 00 00 00 00
  can0  302   [8]  05 D7 00 43 00 43 00 1F
  can0  303   [8]  00 00 00 00 14 00 04 44
  can0  300   [8]  15 7C C1 40 0B 1D 00 00
  can0  301   [8]  00 00 6D FF 00 00 00 00
  can0  302   [8]  05 EC 00 43 00 43 00 1F
  can0  303   [8]  00 00 00 00 14 00 04 44
  can0  304   [8]  10 3E 24 93 00 3F 00 00
  can0  305   [8]  6D 5A 24 93 00 00 00 00
  can0  306   [8]  00 8B 00 8B 00 24 00 1E
  can0  307   [8]  00 00 00 00 00 00 04 38
  can0  300   [8]  15 BA C3 40 0B 36 00 00
  can0  301   [8]  00 00 6D FF 00 00 00 00
  can0  302   [8]  06 00 00 43 00 43 00 1F
  can0  303   [8]  00 00 00 00 14 00 04 44
  can0  300   [8]  15 F7 C6 40 0B 4E 00 00
  can0  301   [8]  00 00 6D FF 00 00 00 00
  can0  302   [8]  06 13 00 43 00 43 00 1F
  can0  303   [8]  00 00 00 00 14 00 04 44
  can0  304   [8]  10 3E 24 93 00 3F 00 00
  can0  305   [8]  6D 5A 24 93 00 00 00 00
  can0  306   [8]  00 8B 00 8B 00 23 00 1E
  can0  307   [8]  00 00 00 00 00 00 04 38
  can0  308   [8]  02 D2 02 1C 02 D0 0C 80
  can0  309   [8]  03 FE 00 AC 00 65 00 43
  can0  30A   [8]  00 04 40 00 00 05 FF 00
  can0  30B   [8]  9A FC 32 41 03 9C 03 FF
  can0  30C   [8]  00 00 01 95 03 FF 52 80
  can0  30D   [8]  00 00 40 48 00 00 04 24
  can0  30E   [8]  00 00 00 00 00 00 00 00
  can0  30F   [8]  03 20 7F 00 00 00 00 20
  can0  300   [8]  16 32 C8 40 0B 66 00 00
  can0  301   [8]  00 00 6D FF 00 00 00 00
  can0  302   [8]  06 26 00 43 00 43 00 1F
  can0  303   [8]  00 00 00 00 14 00 04 44
  can0  300   [8]  16 6C CB 40 0B 7D 00 00
  can0  301   [8]  00 00 6C FF 00 00 00 00
  can0  302   [8]  06 39 00 43 00 43 00 1F
  can0  303   [8]  00 00 00 00 14 00 04 44
  can0  304   [8]  10 3E 24 93 00 3F 00 00
  can0  305   [8]  6C 5A 24 93 00 00 00 00
  can0  306   [8]  00 8B 00 8B 00 21 00 1E
  can0  307   [8]  00 00 00 00 00 00 04 38
  can0  300   [8]  16 A6 CD 40 0B 95 00 00
  can0  301   [8]  00 00 6C FF 00 00 00 00
  can0  302   [8]  06 4C 00 43 00 43 00 1F
  can0  303   [8]  00 00 00 00 14 00 04 44
  can0  300   [8]  16 DE CF 40 0B AB 00 00
  can0  301   [8]  00 00 6C FF 00 00 00 00
  can0  302   [8]  06 5E 00 43 00 43 00 1F
  can0  303   [8]  00 00 00 00 14 00 04 44
  can0  304   [8]  10 3E 24 93 00 3F 00 00
  can0  305   [8]  6C 5A 24 93 00 00 00 00
  can0  306   [8]  00 8B 00 8B 00 21 00 1E
  can0  307   [8]  00 00 00 00 00 00 04 38
  can0  308   [8]  02 D3 02 1C 02 D0 0C 80
  can0  309   [8]  03 FE 00 AC 00 65 00 43
  can0  30A   [8]  00 04 40 00 00 05 FF 00
  can0  300   [8]  17 14 D2 40 0B C1 00 00
  can0  301   [8]  00 00 6C FF 00 00 00 00
  can0  302   [8]  06 6F 00 43 00 43 00 1F
  can0  303   [8]  00 00 00 00 14 00 04 44
  can0  300   [8]  17 4A D4 40 0B D7 00 00
  can0  301   [8]  00 00 6C FF 00 00 00 00
  can0  302   [8]  06 81 00 43 00 43 00 1F
  can0  303   [8]  00 00 00 00 14 00 04 44
  can0  304   [8]  10 3E 24 93 00 3F 00 00
  can0  305   [8]  6C 5A 24 93 00 00 00 00
  can0  306   [8]  00 8B 00 8B 00 22 00 1E
  can0  307   [8]  00 00 00 00 00 00 04 38
  can0  300   [8]  17 7E D6 40 0B EC 00 00
  can0  301   [8]  00 00 6B FF 00 00 00 00
  can0  302   [8]  06 91 00 43 00 43 00 1F
  can0  303   [8]  00 00 00 00 14 00 04 44
  can0  300   [8]  17 B1 D8 40 0C 00 00 00
  can0  301   [8]  00 00 6B FF 00 00 00 00
  can0  302   [8]  06 A2 00 43 00 43 00 1F
  can0  303   [8]  00 00 00 00 14 00 04 44
  can0  304   [8]  10 3E 24 93 00 3F 00 00
  can0  305   [8]  6B 5A 24 93 00 00 00 00
  can0  306   [8]  00 8B 00 8B 00 24 00 1E
  can0  307   [8]  00 00 00 00 00 00 04 38
  can0  308   [8]  02 D9 02 1C 02 D0 0C 80
  can0  309   [8]  03 FE 00 AC 00 65 00 43
  can0  30A   [8]  00 04 40 00 00 05 FF 00
  can0  30B   [8]  9B FC 32 3F 03 9C 03 FF
  can0  30C   [8]  00 00 01 95 03 FF 52 80
  can0  30D   [8]  00 00 40 48 00 00 04 24
  can0  30E   [8]  00 00 00 00 00 00 00 00
  can0  30F   [8]  03 20 7F 00 00 00 00 20
  can0  300   [8]  17 E3 DA 40 0C 15 00 00
  can0  301   [8]  00 00 6B FF 00 00 00 00
  can0  302   [8]  06 B2 00 43 00 43 00 1F
  can0  303   [8]  00 00 00 00 14 00 04 44
  can0  300   [8]  18 14 DC 40 0C 28 00 00
  can0  301   [8]  00 00 6B FF 00 00 00 00
  can0  302   [8]  06 C2 00 43 00 43 00 1F
  can0  303   [8]  00 00 00 00 14 00 04 44
  can0  304   [8]  10 3E 24 93 00 3F 00 00
  can0  305   [8]  6B 5A 24 93 00 00 00 00
  can0  306   [8]  00 8B 00 8B 00 24 00 1E
  can0  307   [8]  00 00 00 00 00 00 04 38
  can0  300   [8]  18 43 DE 40 0C 3B 00 00
  can0  301   [8]  00 00 6B FF 00 00 00 00
  can0  302   [8]  06 D1 00 43 00 43 00 1F
  can0  303   [8]  00 00 00 00 14 00 04 44
  can0  300   [8]  18 71 E0 40 0C 4E 00 00
  can0  301   [8]  00 00 6A FF 00 00 00 00
  can0  302   [8]  06 E0 00 43 00 43 00 1F
  can0  303   [8]  00 00 00 00 14 00 04 44
  can0  304   [8]  10 3E 24 93 00 3F 00 00
  can0  305   [8]  6A 5A 24 93 00 00 00 00
  can0  306   [8]  00 8B 00 8B 00 24 00 1E
  can0  307   [8]  00 00 00 00 00 00 04 38
  can0  308   [8]  02 DD 02 1C 02 D0 0C 80
  can0  309   [8]  03 FE 00 AC 00 65 00 43
  can0  30A   [8]  00 04 40 00 00 05 FF 00
  can0  300   [8]  18 9E E2 40 0C 60 00 00
  can0  301   [8]  00 00 6A FF 00 00 00 00
  can0  302   [8]  06 EE 00 43 00 43 00 1F
  can0  303   [8]  00 00 00 00 14 00 04 44
  can0  300   [8]  18 CA E4 40 0C 72 00 00
  can0  301   [8]  00 00 6A FF 00 00 00 00
  can0  302   [8]  06 FD 00 43 00 43 00 1F
  can0  303   [8]  00 00 00 00 14 00 04 44
  can0  304   [8]  10 3E 24 93 00 3F 00 00
  can0  305   [8]  6A 5A 24 93 00 00 00 00
  can0  306   [8]  00 8B 00 8B 00 22 00 1E
  can0  307   [8]  00 00 00 00 00 00 04 38
  can0  300   [8]  18 F4 E5 40 0C 83 00 00
  can0  301   [8]  00 00 6A FF 00 00 00 00
  can0  302   [8]  07 0A 00 43 00 43 00 1F
  can0  303   [8]  00 00 00 00 14 00 04 44
  can0  300   [8]  19 1C E7 40 0C 93 00 00
  can0  301   [8]  00 00 6A FF 00 00 00 00
  can0  302   [8]  07 17 00 43 00 43 00 1F
  can0  303   [8]  00 00 00 00 14 00 04 44
  can0  304   [8]  10 3E 24 93 00 3F 00 00
  can0  305   [8]  6A 5A 24 93 00 00 00 00
  can0  306   [8]  00 8B 00 8B 00 21 00 1E
  can0  307   [8]  00 00 00 00 00 00 04 38
  can0  308   [8]  02 D9 02 1C 02 D0 0C 80
  can0  309   [8]  03 FE 00 AC 00 65 00 43
  can0  30A   [8]  00 04 40 00 00 05 FF 00
  can0  30B   [8]  9B FC 32 3E 03 9C 03 FF
  can0  30C   [8]  00 00 01 95 03 FF 52 80
  can0  30D   [8]  00 00 40 48 00 00 04 24
  can0  30E   [8]  00 00 00 00 00 00 00 00
  can0  30F   [8]  03 20 7F 00 00 00 00 20
  can0  300   [8]  19 44 E9 40 0C A3 00 00
  can0  301   [8]  00 00 6A FF 00 00 00 00
  can0  302   [8]  07 24 00 43 00 43 00 1F
  can0  303   [8]  00 00 00 00 14 00 04 44
  can0  300   [8]  19 6A EA 40 0C B2 00 00
  can0  301   [8]  00 00 69 FF 00 00 00 00
  can0  302   [8]  07 30 00 43 00 43 00 1F
  can0  303   [8]  00 00 00 00 14 00 04 44
  can0  304   [8]  10 3E 24 93 00 3F 00 00
  can0  305   [8]  69 5A 24 93 00 00 00 00
  can0  306   [8]  00 8B 00 8B 00 21 00 1E
  can0  307   [8]  00 00 00 00 00 00 04 38
  can0  300   [8]  19 8F EC 40 0C C1 00 00
  can0  301   [8]  00 00 69 FF 00 00 00 00
  can0  302   [8]  07 3C 00 43 00 43 00 1F
  can0  303   [8]  00 00 00 00 14 00 04 44
  can0  300   [8]  19 B2 ED 40 0C CF 00 00
  can0  301   [8]  00 00 69 FF 00 00 00 00
  can0  302   [8]  07 47 00 43 00 43 00 1F
  can0  303   [8]  00 00 00 00 14 00 04 44
  can0  304   [8]  10 3E 24 93 00 3F 00 00
  can0  305   [8]  69 5A 24 93 00 00 00 00
  can0  306   [8]  00 8B 00 8B 00 23 00 1E
  can0  307   [8]  00 00 00 00 00 00 04 38
  can0  308   [8]  02 D3 02 1C 02 D0 0C 80
  can0  309   [8]  03 FE 00 AC 00 65 00 43
  can0  30A   [8]  00 04 40 00 00 05 FF 00
  can0  300   [8]  19 D4 EF 40 0C DD 00 00
  can0  301   [8]  00 00 69 FF 00 00 00 00
  can0  302   [8]  07 52 00 43 00 43 00 1F
  can0  303   [8]  00 00 00 00 14 00 04 44
  can0  300   [8]  19 F5 F0 40 0C EA 00 00
  can0  301   [8]  00 00 69 FF 00 00 00 00
  can0  302   [8]  07 5D 00 43 00 43 00 1F
  can0  303   [8]  00 00 00 00 14 00 04 44
  can0  304   [8]  10 3E 24 93 00 3F 00 00
  can0  305   [8]  69 5A 24 93 00 00 00 00
  can0  306   [8]  00 8B 00 8B 00 24 00 1E
  can0  307   [8]  00 00 00 00 00 00 04 38
  can0  300   [8]  1A 14 F1 40 0C F7 00 00
  can0  301   [8]  00 00 69 FF 00 00 00 00
  can0  302   [8]  07 67 00 43 00 43 00 1F
  can0  303   [8]  00 00 00 00 14 00 04 44
  can0  300   [8]  14 56 00 40 03 B6 00 00
  can0  301   [8]  00 00 7F FF 00 00 00 00
  can0  302   [8]  05 8D 00 43 00 43 00 1F
  can0  303   [8]  00 00 00 00 14 00 04 44
  can0  304   [8]  10 3E 24 93 00 3F 00 00
  can0  305   [8]  7F 5A 24 93 00 00 00 00
  can0  306   [8]  00 8B 00 8B 00 24 00 1E
  can0  307   [8]  00 00 00 00 00 00 04 38
  can0  308   [8]  02 D2 02 1C 02 D0 0C 80
  can0  309   [8]  03 FE 00 AC 00 65 00 43
  can0  30A   [8]  00 04 40 00 00 05 FF 00
  can0  30B   [8]  9B FC 32 3E 03 9C 03 FF
  can0  30C   [8]  00 00 01 95 03 FF 52 80
  can0  30D   [8]  00 00 40 48 00 00 04 24
  can0  30E   [8]  00 00 00 00 00 00 00 00
  can0  30F   [8]  03 20 7F 00 00 00 00 20
  can0  300   [8]  1A 4E F4 40 0D 0E 00 00
  can0  301   [8]  00 00 69 FF 00 00 00 00
  can0  302   [8]  07 7A 00 43 00 43 00 1F
  can0  303   [8]  00 00 00 00 14 00 04 44
  can0  300   [8]  1A 69 F5 40 0D 19 00 00
  can0  301   [8]  00 00 68 FF 00 00 00 00
  can0  302   [8]  07 82 00 43 00 43 00 1F
  can0  303   [8]  00 00 00 00 14 00 04 44
  can0  304   [8]  10 3E 24 93 00 3F 00 00
  can0  305   [8]  68 5A 24 93 00 00 00 00
  can0  306   [8]  00 8B 00 8B 00 22 00 1E
  can0  307   [8]  00 00 00 00 00 00 04 38
  can0  300   [8]  1A 83 F6 40 0D 24 00 00
  can0  301   [8]  00 00 68 FF 00 00 00 00
  can0  302   [8]  07 8B 00 43 00 43 00 1F
  can0  303   [8]  00 00 00 00 14 00 04 44
  can0  300   [8]  1A 9B F7 40 0D 2D 00 00
  can0  301   [8]  00 00 68 FF 00 00 00 00
  can0  302   [8]  07 93 00 43 00 43 00 1F
  can0  303   [8]  00 00 00 00 14 00 04 44
  can0  304   [8]  10 3E 24 93 00 3F 00 00
  can0  305   [8]  68 5A 24 93 00 00 00 00
  can0  306   [8]  00 8B 00 8B 00 21 00 1E
  can0  307   [8]  00 00 00 00 00 00 04 38
  can0  308   [8]  02 D7 02 1C 02 D0 0C 80
  can0  309   [8]  03 FE 00 AC 00 65 00 43
  can0  30A   [8]  00 04 40 00 00 05 FF 00
  can0  300   [8]  1A B2 F8 40 0D 37 00 00
  can0  301   [8]  00 00 68 FF 00 00 00 00
  can0  302   [8]  07 9A 00 43 00 43 00 1F
  can0  303   [8]  00 00 00 00 14 00 04 44
  can0  300   [8]  1A C7 F9 40 0D 3F 00 00
  can0  301   [8]  00 00 68 FF 00 00 00 00
  can0  302   [8]  07 A1 00 43 00 43 00 1F
  can0  303   [8]  00 00 00 00 14 00 04 44
  can0  304   [8]  10 3E 24 93 00 3F 00 00
  can0  305   [8]  68 5A 24 93 00 00 00 00
  can0  306   [8]  00 8B 00 8B 00 21 00 1E
  can0  307   [8]  00 00 00 00 00 00 04 38
  can0  300   [8]  1A DB F9 40 0D 47 00 00
  can0  301   [8]  00 00 68 FF 00 00 00 00
  can0  302   [8]  07 A7 00 43 00 43 00 1F
  can0  303   [8]  00 00 00 00 14 00 04 44
  can0  300   [8]  1A ED FA 40 0D 4E 00 00
  can0  301   [8]  00 00 68 FF 00 00 00 00
  can0  302   [8]  07 AD 00 43 00 43 00 1F
  can0  303   [8]  00 00 00 00 14 00 04 44
  can0  304   [8]  10 3E 24 93 00 3F 00 00
  can0  305   [8]  68 5A 24 93 00 00 00 00
  can0  306   [8]  00 8B 00 8B 00 23 00 1E
  can0  307   [8]  00 00 00 00 00 00 04 38
  can0  308   [8]  02 DC 02 1C 02 D0 0C 80
  can0  309   [8]  03 FE 00 AC 00 65 00 43
  can0  30A   [8]  00 04 40 00 00 05 FF 00
  can0  30B   [8]  9B FC 32 40 03 9C 03 FF
  can0  30C   [8]  00 00 01 95 03 FF 52 80
  can0  30D   [8]  00 00 40 48 00 00 04 24
  can0  30E   [8]  00 00 00 00 00 00 00 00
  can0  30F   [8]  03 20 7F 00 00 00 00 20
  can0  300   [8]  1A FE FB 40 0D 55 00 00
  can0  301   [8]  00 00 68 FF 00 00 00 00
  can0  302   [8]  07 B2 00 43 00 43 00 1F
  can0  303   [8]  00 00 00 00 14 00 04 44
  can0  300   [8]  1B 0E FB 40 0D 5C 00 00
  can0  301   [8]  00 00 68 FF 00 00 00 00
  can0  302   [8]  07 B8 00 43 00 43 00 1F
  can0  303   [8]  00 00 00 00 14 00 04 44
  can0  304   [8]  10 3E 24 93 00 3F 00 00
  can0  305   [8]  68 5A 24 93 00 00 00 00
  can0  306   [8]  00 8B 00 8B 00 24 00 1E
  can0  307   [8]  00 00 00 00 00 00 04 38
  can0  300   [8]  1B 1C FC 40 0D 61 00 00
  can0  301   [8]  00 00 68 FF 00 00 00 00
  can0  302   [8]  07 BC 00 43 00 43 00 1F
  can0  303   [8]  00 00 00 00 14 00 04 44
  can0  300   [8]  1B 28 FD 40 0D 66 00 00
  can0  301   [8]  00 00 68 FF 00 00 00 00
  can0  302   [8]  07 C0 00 43 00 43 00 1F
  can0  303   [8]  00 00 00 00 14 00 04 44
  can0  304   [8]  10 3E 24 93 00 3F 00 00
  can0  305   [8]  68 5A 24 93 00 00 00 00
  can0  306   [8]  00 8B 00 8B 00 24 00 1E
  can0  307   [8]  00 00 00 00 00 00 04 38
  can0  308   [8]  02 DB 02 1C 02 D0 0C 80
  can0  309   [8]  03 FE 00 AC 00 65 00 43
  can0  30A   [8]  00 04 40 00 00 05 FF 00
  can0  300   [8]  1B 33 FD 40 0D 6B 00 00
  can0  301   [8]  00 00 68 FF 00 00 00 00
  can0  302   [8]  07 C4 00 43 00 43 00 1F
  can0  303   [8]  00 00 00 00 14 00 04 44
  can0  300   [8]  1B 3D FD 40 0D 6F 00 00
  can0  301   [8]  00 00 68 FF 00 00 00 00
  can0  302   [8]  07 C7 00 43 00 43 00 1F
  can0  303   [8]  00 00 00 00 14 00 04 44
  can0  304   [8]  10 3E 24 93 00 3F 00 00
  can0  305   [8]  68 5A 24 93 00 00 00 00
  can0  306   [8]  00 8B 00 8B 00 23 00 1E
  can0  307   [8]  00 00 00 00 00 00 04 38
  can0  300   [8]  1B 45 FE 40 0D 72 00 00
  can0  301   [8]  00 00 68 FF 00 00 00 00
  can0  302   [8]  07 C9 00 43 00 43 00 1F
  can0  303   [8]  00 00 00 00 14 00 04 44
  can0  300   [8]  1B 4C FE 40 0D 75 00 00
  can0  301   [8]  00 00 68 FF 00 00 00 00
  can0  302   [8]  07 CC 00 43 00 43 00 1F
  can0  303   [8]  00 00 00 00 14 00 04 44
  can0  304   [8]  10 3E 24 93 00 3F 00 00
  can0  305   [8]  68 5A 24 93 00 00 00 00
  can0  306   [8]  00 8B 00 8B 00 21 00 1E
  can0  307   [8]  00 00 00 00 00 00 04 38
  can0  308   [8]  02 D4 02 1C 02 D0 0C 80
  can0  309   [8]  03 FE 00 AC 00 65 00 43
  can0  30A   [8]  00 04 40 00 00 05 FF 00
  can0  30B   [8]  9B FC 32 41 03 9C 03 FF
  can0  30C   [8]  00 00 01 95 03 FF 52 80
  can0  30D   [8]  00 00 40 48 00 00 04 24
  can0  30E   [8]  00 00 00 00 00 00 00 00
  can0  30F   [8]  03 20 7F 00 00 00 00 20
  can0  300   [8]  1B 51 FE 40 0D 77 00 00
  can0  301   [8]  00 00 68 FF 00 00 00 00
  can0  302   [8]  07 CD 00 43 00 43 00 1F
  can0  303   [8]  00 00 00 00 14 00 04 44
  can0  300   [8]  1B 55 FE 40 0D 78 00 00
  can0  301   [8]  00 00 68 FF 00 00 00 00
  can0  302   [8]  07 CF 00 43 00 43 00 1F
  can0  303   [8]  00 00 00 00 14 00 04 44
  can0  304   [8]  10 3E 24 93 00 3F 00 00
  can0  305   [8]  68 5A 24 93 00 00 00 00
  can0  306   [8]  00 8B 00 8B 00 21 00 1E
  can0  307   [8]  00 00 00 00 00 00 04 38
  can0  300   [8]  1B 57 FE 40 0D 79 00 00
  can0  301   [8]  00 00 68 FF 00 00 00 00
  can0  302   [8]  07 CF 00 43 00 43 00 1F
  can0  303   [8]  00 00 00 00 14 00 04 44
  can0  300   [8]  1B 58 FF 40 0D 7A 00 00
  can0  301   [8]  00 00 68 FF 00 00 00 00
  can0  302   [8]  07 D0 00 43 00 43 00 1F
  can0  303   [8]  00 00 00 00 14 00 04 44
  can0  304   [8]  10 3E 24 93 00 3F 00 00
  can0  305   [8]  68 5A 24 93 00 00 00 00
  can0  306   [8]  00 8B 00 8B 00 22 00 1E
  can0  307   [8]  00 00 00 00 00 00 04 38
  can0  308   [8]  02 D1 02 1C 02 D0 0C 80
  can0  309   [8]  03 FE 00 AC 00 65 00 43
  can0  30A   [8]  00 04 40 00 00 05 FF 00
  can0  300   [8]  1B 57 FE 40 0D 79 00 00
  can0  301   [8]  00 00 68 FF 00 00 00 00
  can0  302   [8]  07 CF 00 43 00 43 00 1F
  can0  303   [8]  00 00 00 00 14 00 04 44
  can0  300   [8]  1B 55 FE 40 0D 78 00 00
  can0  301   [8]  00 00 68 FF 00 00 00 00
  can0  302   [8]  07 CF 00 43 00 43 00 1F
  can0  303   [8]  00 00 00 00 14 00 04 44
  can0  304   [8]  10 3E 24 93 00 3F 00 00
  can0  305   [8]  68 5A 24 93 00 00 00 00
  can0  306   [8]  00 8B 00 8B 00 24 00 1E
  can0  307   [8]  00 00 00 00 00 00 04 38
  can0  300   [8]  1B 51 FE 40 0D 77 00 00
  can0  301   [8]  00 00 68 FF 00 00 00 00
  can0  302   [8]  07 CD 00 43 00 43 00 1F
  can0  303   [8]  00 00 00 00 14 00 04 44
  can0  300   [8]  1B 4C FE 40 0D 75 00 00
  can0  301   [8]  00 00 68 FF 00 00 00 00
  can0  302   [8]  07 CC 00 43 00 43 00 1F
  can0  303   [8]  00 00 00 00 14 00 04 44
  can0  304   [8]  10 3E 24 93 00 3F 00 00
  can0  305   [8]  68 5A 24 93 00 00 00 00
  can0  306   [8]  00 8B 00 8B 00 24 00 1E
  can0  307   [8]  00 00 00 00 00 00 04 38
  can0  308   [8]  02 D6 02 1C 02 D0 0C 80
  can0  309   [8]  03 FE 00 AC 00 65 00 43
  can0  30A   [8]  00 04 40 00 00 05 FF 00
  can0  30B   [8]  9C FC 32 3F 03 9C 03 FF
  can0  30C   [8]  00 00 01 95 03 FF 52 80
  can0  30D   [8]  00 00 40 48 00 00 04 24
  can0  30E   [8]  00 00 00 00 00 00 00 00
  can0  30F   [8]  03 20 7F 00 00 00 00 20
  can0  300   [8]  1B 45 FE 40 0D 72 00 00
  can0  301   [8]  00 00 68 FF 00 00 00 00
  can0  302   [8]  07 C9 00 43 00 43 00 1F
  can0  303   [8]  00 00 00 00 14 00 04 44
  can0  300   [8]  1B 3D FD 40 0D 6F 00 00
  can0  301   [8]  00 00 68 FF 00 00 00 00
  can0  302   [8]  07 C7 00 43 00 43 00 1F
  can0  303   [8]  00 00 00 00 14 00 04 44
  can0  304   [8]  10 3E 24 93 00 3F 00 00
  can0  305   [8]  68 5A 24 93 00 00 00 00
  can0  306   [8]  00 8B 00 8B 00 23 00 1E
  can0  307   [8]  00 00 00 00 00 00 04 38
  can0  300   [8]  1B 33 FD 40 0D 6B 00 00
  can0  301   [8]  00 00 68 FF 00 00 00 00
  can0  302   [8]  07 C4 00 43 00 43 00 1F
  can0  303   [8]  00 00 00 00 14 00 04 44
  can0  300   [8]  1B 28 FD 40 0D 66 00 00
  can0  301   [8]  00 00 68 FF 00 00 00 00
  can0  302   [8]  07 C0 00 43 00 43 00 1F
  can0  303   [8]  00 00 00 00 14 00 04 44
  can0  304   [8]  10 3E 24 93 00 3F 00 00
  can0  305   [8]  68 5A 24 93 00 00 00 00
  can0  306   [8]  00 8B 00 8B 00 21 00 1E
  can0  307   [8]  00 00 00 00 00 00 04 38
  can0  308   [8]  02 DC 02 1C 02 D0 0C 80
  can0  309   [8]  03 FE 00 AC 00 65 00 43
  can0  30A   [8]  00 04 40 00 00 05 FF 00
  can0  300   [8]  1B 1C FC 40 0D 61 00 00
  can0  301   [8]  00 00 68 FF 00 00 00 00
  can0  302   [8]  07 BC 00 43 00 43 00 1F
  can0  303   [8]  00 00 00 00 14 00 04 44
  can0  300   [8]  1B 0E FB 40 0D 5C 00 00
  can0  301   [8]  00 00 68 FF 00 00 00 00
  can0  302   [8]  07 B8 00 43 00 43 00 1F
  can0  303   [8]  00 00 00 00 14 00 04 44
  can0  304   [8]  10 3E 24 93 00 3F 00 00
  can0  305   [8]  68 5A 24 93 00 00 00 00
  can0  306   [8]  00 8B 00 8B 00 21 00 1E
  can0  307   [8]  00 00 00 00 00 00 04 38
  can0  300   [8]  1A FE FB 40 0D 55 00 00
  can0  301   [8]  00 00 68 FF 00 00 00 00
  can0  302   [8]  07 B2 00 43 00 43 00 1F
  can0  303   [8]  00 00 00 00 14 00 04 44
  can0  300   [8]  1A ED FA 40 0D 4E 00 00
  can0  301   [8]  00 00 68 FF 00 00 00 00
  can0  302   [8]  07 AD 00 43 00 43 00 1F
  can0  303   [8]  00 00 00 00 14 00 04 44
  can0  304   [8]  10 3E 24 93 00 3F 00 00
  can0  305   [8]  68 5A 24 93 00 00 00 00
  can0  306   [8]  00 8B 00 8B 00 21 00 1E
  can0  307   [8]  00 00 00 00 00 00 04 38
  can0  308   [8]  02 DC 02 1C 02 D0 0C 80
  can0  309   [8]  03 FE 00 AC 00 65 00 43
  can0  30A   [8]  00 04 40 00 00 05 FF 00
  can0  30B   [8]  9D FC 32 3E 03 9C 03 FF
  can0  30C   [8]  00 00 01 95 03 FF 52 80
  can0  30D   [8]  00 00 40 48 00 00 04 24
  can0  30E   [8]  00 00 00 00 00 00 00 00
  can0  30F   [8]  03 20 7F 00 00 00 00 20
  can0  300   [8]  1A DB F9 40 0D 47 00 00
  can0  301   [8]  00 00 68 FF 00 00 00 00
  can0  302   [8]  07 A7 00 43 00 43 00 1F
  can0  303   [8]  00 00 00 00 14 00 04 44
  can0  300   [8]  1A C7 F9 40 0D 3F 00 00
  can0  301   [8]  00 00 68 FF 00 00 00 00
  can0  302   [8]  07 A1 00 43 00 43 00 1F
  can0  303   [8]  00 00 00 00 14 00 04 44
  can0  304   [8]  10 3E 24 93 00 3F 00 00
  can0  305   [8]  68 5A 24 93 00 00 00 00
  can0  306   [8]  00 8B 00 8B 00 23 00 1E
  can0  307   [8]  00 00 00 00 00 00 04 38
  can0  300   [8]  1A B2 F8 40 0D 37 00 00
  can0  301   [8]  00 00 68 FF 00 00 00 00
  can0  302   [8]  07 9A 00 43 00 43 00 1F
  can0  303   [8]  00 00 00 00 14 00 04 44
  can0  300   [8]  1A 9B F7 40 0D 2D 00 00
  can0  301   [8]  00 00 68 FF 00 00 00 00
  can0  302   [8]  07 93 00 43 00 43 00 1F
  can0  303   [8]  00 00 00 00 14 00 04 44
  can0  304   [8]  10 3E 24 93 00 3F 00 00
  can0  305   [8]  68 5A 24 93 00 00 00 00
  can0  306   [8]  00 8B 00 8B 00 24 00 1E
  can0  307   [8]  00 00 00 00 00 00 04 38
  can0  308   [8]  02 D6 02 1C 02 D0 0C 80
  can0  309   [8]  03 FE 00 AC 00 65 00 43
  can0  30A   [8]  00 04 40 00 00 05 FF 00
  can0  300   [8]  1A 83 F6 40 0D 24 00 00
  can0  301   [8]  00 00 68 FF 00 00 00 00
  can0  302   [8]  07 8B 00 43 00 43 00 1F
  can0  303   [8]  00 00 00 00 14 00 04 44
  can0  300   [8]  1A 69 F5 40 0D 19 00 00
  can0  301   [8]  00 00 68 FF 00 00 00 00
  can0  302   [8]  07 82 00 43 00 43 00 1F
  can0  303   [8]  00 00 00 00 14 00 04 44
  can0  304   [8]  10 3E 24 93 00 3F 00 00
  can0  305   [8]  68 5A 24 93 00 00 00 00
  can0  306   [8]  00 8B 00 8B 00 24 00 1E
  can0  307   [8]  00 00 00 00 00 00 04 38
  can0  300   [8]  1A 4E F4 40 0D 0E 00 00
  can0  301   [8]  00 00 69 FF 00 00 00 00
  can0  302   [8]  07 7A 00 43 00 43 00 1F
  can0  303   [8]  00 00 00 00 14 00 04 44
  can0  300   [8]  14 56 00 40 03 B6 00 00
  can0  301   [8]  00 00 7F FF 00 00 00 00
  can0  302   [8]  05 8D 00 43 00 43 00 1F
  can0  303   [8]  00 00 00 00 14 00 04 44
  can0  304   [8]  10 3E 24 93 00 3F 00 00
  can0  305   [8]  7F 5A 24 93 00 00 00 00
  can0  306   [8]  00 8B 00 8B 00 22 00 1E
  can0  307   [8]  00 00 00 00 00 00 04 38
  can0  308   [8]  02 D1 02 1C 02 D0 0C 80
  can0  309   [8]  03 FE 00 AC 00 65 00 43
  can0  30A   [8]  00 04 40 00 00 05 FF 00
  can0  30B   [8]  9D FC 32 3E 03 9C 03 FF
  can0  30C   [8]  00 00 01 95 03 FF 52 80
  can0  30D   [8]  00 00 40 48 00 00 04 24
  can0  30E   [8]  00 00 00 00 00 00 00 00
  can0  30F   [8]  03 20 7F 00 00 00 00 20
  can0  300   [8]  1A 14 F1 40 0C F7 00 00
  can0  301   [8]  00 00 69 FF 00 00 00 00
  can0  302   [8]  07 67 00 43 00 43 00 1F
  can0  303   [8]  00 00 00 00 14 00 04 44
  can0  300   [8]  19 F5 F0 40 0C EA 00 00
  can0  301   [8]  00 00 69 FF 00 00 00 00
  can0  302   [8]  07 5D 00 43 00 43 00 1F
  can0  303   [8]  00 00 00 00 14 00 04 44
  can0  304   [8]  10 3E 24 93 00 3F 00 00
  can0  305   [8]  69 5A 24 93 00 00 00 00
  can0  306   [8]  00 8B 00 8B 00 21 00 1E
  can0  307   [8]  00 00 00 00 00 00 04 38
  can0  300   [8]  19 D4 EF 40 0C DD 00 00
  can0  301   [8]  00 00 69 FF 00 00 00 00
  can0  302   [8]  07 52 00 43 00 43 00 1F
  can0  303   [8]  00 00 00 00 14 00 04 44
  can0  300   [8]  19 B2 ED 40 0C CF 00 00
  can0  301   [8]  00 00 69 FF 00 00 00 00
  can0  302   [8]  07 47 00 43 00 43 00 1F
  can0  303   [8]  00 00 00 00 14 00 04 44
  can0  304   [8]  10 3E 24 93 00 3F 00 00
  can0  305   [8]  69 5A 24 93 00 00 00 00
  can0  306   [8]  00 8B 00 8B 00 21 00 1E
  can0  307   [8]  00 00 00 00 00 00 04 38
  can0  308   [8]  02 D4 02 1C 02 D0 0C 80
  can0  309   [8]  03 FE 00 AC 00 65 00 43
  can0  30A   [8]  00 04 40 00 00 05 FF 00
  can0  300   [8]  19 8F EC 40 0C C1 00 00
  can0  301   [8]  00 00 69 FF 00 00 00 00
  can0  302   [8]  07 3C 00 43 00 43 00 1F
  can0  303   [8]  00 00 00 00 14 00 04 44
  can0  300   [8]  19 6A EA 40 0C B2 00 00
  can0  301   [8]  00 00 69 FF 00 00 00 00
  can0  302   [8]  07 30 00 43 00 43 00 1F
  can0  303   [8]  00 00 00 00 14 00 04 44
  can0  304   [8]  10 3E 24 93 00 3F 00 00
  can0  305   [8]  69 5A 24 93 00 00 00 00
  can0  306   [8]  00 8B 00 8B 00 23 00 1E
  can0  307   [8]  00 00 00 00 00 00 04 38
  can0  300   [8]  19 44 E9 40 0C A3 00 00
  can0  301   [8]  00 00 6A FF 00 00 00 00
  can0  302   [8]  07 24 00 43 00 43 00 1F
  can0  303   [8]  00 00 00 00 14 00 04 44
  can0  300   [8]  19 1C E7 40 0C 93 00 00
  can0  301   [8]  00 00 6A FF 00 00 00 00
  can0  302   [8]  07 17 00 43 00 43 00 1F
  can0  303   [8]  00 00 00 00 14 00 04 44
  can0  304   [8]  10 3E 24 93 00 3F 00 00
  can0  305   [8]  6A 5A 24 93 00 00 00 00
  can0  306   [8]  00 8B 00 8B 00 24 00 1E
  can0  307   [8]  00 00 00 00 00 00 04 38
  can0  308   [8]  02 DB 02 1C 02 D0 0C 80
  can0  309   [8]  03 FE 00 AC 00 65 00 43
  can0  30A   [8]  00 04 40 00 00 05 FF 00
  can0  30B   [8]  9E FC 32 40 03 9C 03 FF
  can0  30C   [8]  00 00 01 95 03 FF 52 80
  can0  30D   [8]  00 00 40 48 00 00 04 24
  can0  30E   [8]  00 00 00 00 00 00 00 00
  can0  30F   [8]  03 20 7F 00 00 00 00 20
  can0  300   [8]  18 F4 E5 40 0C 83 00 00
  can0  301   [8]  00 00 6A FF 00 00 00 00
  can0  302   [8]  07 0A 00 43 00 43 00 1F
  can0  303   [8]  00 00 00 00 14 00 04 44
  can0  300   [8]  18 CA E4 40 0C 72 00 00
  can0  301   [8]  00 00 6A FF 00 00 00 00
  can0  302   [8]  06 FD 00 43 00 43 00 1F
  can0  303   [8]  00 00 00 00 14 00 04 44
  can0  304   [8]  10 3E 24 93 00 3F 00 00
  can0  305   [8]  6A 5A 24 93 00 00 00 00
  can0  306   [8]  00 8B 00 8B 00 24 00 1E
  can0  307   [8]  00 00 00 00 00 00 04 38
  can0  300   [8]  18 9E E2 40 0C 60 00 00
  can0  301   [8]  00 00 6A FF 00 00 00 00
  can0  302   [8]  06 EE 00 43 00 43 00 1F
  can0  303   [8]  00 00 00 00 14 00 04 44
  can0  300   [8]  18 71 E0 40 0C 4E 00 00
  can0  301   [8]  00 00 6A FF 00 00 00 00
  can0  302   [8]  06 E0 00 43 00 43 00 1F
  can0  303   [8]  00 00 00 00 14 00 04 44
  can0  304   [8]  10 3E 24 93 00 3F 00 00
  can0  305   [8]  6A 5A 24 93 00 00 00 00
  can0  306   [8]  00 8B 00 8B 00 22 00 1E
  can0  307   [8]  00 00 00 00 00 00 04 38
  can0  308   [8]  02 DC 02 1C 02 D0 0C 80
  can0  309   [8]  03 FE 00 AC 00 65 00 43
  can0  30A   [8]  00 04 40 00 00 05 FF 00
  can0  300   [8]  18 43 DE 40 0C 3B 00 00
  can0  301   [8]  00 00 6B FF 00 00 00 00
  can0  302   [8]  06 D1 00 43 00 43 00 1F
  can0  303   [8]  00 00 00 00 14 00 04 44
  can0  300   [8]  18 14 DC 40 0C 28 00 00
  can0  301   [8]  00 00 6B FF 00 00 00 00
  can0  302   [8]  06 C2 00 43 00 43 00 1F
  can0  303   [8]  00 00 00 00 14 00 04 44
  can0  304   [8]  10 3E 24 93 00 3F 00 00
  can0  305   [8]  6B 5A 24 93 00 00 00 00
  can0  306   [8]  00 8B 00 8B 00 21 00 1E
  can0  307   [8]  00 00 00 00 00 00 04 38
  can0  300   [8]  17 E3 DA 40 0C 15 00 00
  can0  301   [8]  00 00 6B FF 00 00 00 00
  can0  302   [8]  06 B2 00 43 00 43 00 1F
  can0  303   [8]  00 00 00 00 14 00 04 44
  can0  300   [8]  17 B1 D8 40 0C 00 00 00
  can0  301   [8]  00 00 6B FF 00 00 00 00
  can0  302   [8]  06 A2 00 43 00 43 00 1F
  can0  303   [8]  00 00 00 00 14 00 04 44
  can0  304   [8]  10 3E 24 93 00 3F 00 00
  can0  305   [8]  6B 5A 24 93 00 00 00 00
  can0  306   [8]  00 8B 00 8B 00 21 00 1E
  can0  307   [8]  00 00 00 00 00 00 04 38
  can0  308   [8]  02 D7 02 1C 02 D0 0C 80
  can0  309   [8]  03 FE 00 AC 00 65 00 43
  can0  30A   [8]  00 04 40 00 00 05 FF 00
  can0  30B   [8]  9E FC 32 41 03 9C 03 FF
  can0  30C   [8]  00 00 01 95 03 FF 52 80
  can0  30D   [8]  00 00 40 48 00 00 04 24
  can0  30E   [8]  00 00 00 00 00 00 00 00
  can0  30F   [8]  03 20 7F 00 00 00 00 20
  can0  300   [8]  17 7E D6 40 0B EC 00 00
  can0  301   [8]  00 00 6B FF 00 00 00 00
  can0  302   [8]  06 91 00 43 00 43 00 1F
  can0  303   [8]  00 00 00 00 14 00 04 44
  can0  300   [8]  17 4A D4 40 0B D7 00 00
  can0  301   [8]  00 00 6C FF 00 00 00 00
  can0  302   [8]  06 81 00 43 00 43 00 1F
  can0  303   [8]  00 00 00 00 14 00 04 44
  can0  304   [8]  10 3E 24 93 00 3F 00 00
  can0  305   [8]  6C 5A 24 93 00 00 00 00
  can0  306   [8]  00 8B 00 8B 00 22 00 1E
  can0  307   [8]  00 00 00 00 00 00 04 38
  can0  300   [8]  17 14 D2 40 0B C1 00 00
  can0  301   [8]  00 00 6C FF 00 00 00 00
  can0  302   [8]  06 6F 00 43 00 43 00 1F
  can0  303   [8]  00 00 00 00 14 00 04 44
  can0  300   [8]  16 DE CF 40 0B AB 00 00
  can0  301   [8]  00 00 6C FF 00 00 00 00
  can0  302   [8]  06 5E 00 43 00 43 00 1F
  can0  303   [8]  00 00 00 00 14 00 04 44
  can0  304   [8]  10 3E 24 93 00 3F 00 00
  can0  305   [8]  6C 5A 24 93 00 00 00 00
  can0  306   [8]  00 8B 00 8B 00 24 00 1E
  can0  307   [8]  00 00 00 00 00 00 04 38
  can0  308   [8]  02 D2 02 1C 02 D0 0C 80
  can0  309   [8]  03 FE 00 AC 00 65 00 43
  can0  30A   [8]  00 04 40 00 00 05 FF 00
  can0  300   [8]  16 A6 CD 40 0B 95 00 00
  can0  301   [8]  00 00 6C FF 00 00 00 00
  can0  302   [8]  06 4C 00 43 00 43 00 1F
  can0  303   [8]  00 00 00 00 14 00 04 44
  can0  300   [8]  16 6C CB 40 0B 7D 00 00
  can0  301   [8]  00 00 6C FF 00 00 00 00
  can0  302   [8]  06 39 00 43 00 43 00 1F
  can0  303   [8]  00 00 00 00 14 00 04 44
  can0  304   [8]  10 3E 24 93 00 3F 00 00
  can0  305   [8]  6C 5A 24 93 00 00 00 00
  can0  306   [8]  00 8B 00 8B 00 24 00 1E
  can0  307   [8]  00 00 00 00 00 00 04 38
  can0  300   [8]  16 32 C8 40 0B 66 00 00
  can0  301   [8]  00 00 6D FF 00 00 00 00
  can0  302   [8]  06 26 00 43 00 43 00 1F
  can0  303   [8]  00 00 00 00 14 00 04 44
  can0  300   [8]  15 F7 C6 40 0B 4E 00 00
  can0  301   [8]  00 00 6D FF 00 00 00 00
  can0  302   [8]  06 13 00 43 00 43 00 1F
  can0  303   [8]  00 00 00 00 14 00 04 44
  can0  304   [8]  10 3E 24 93 00 3F 00 00
  can0  305   [8]  6D 5A 24 93 00 00 00 00
  can0  306   [8]  00 8B 00 8B 00 23 00 1E
  can0  307   [8]  00 00 00 00 00 00 04 38
  can0  308   [8]  02 D3 02 1C 02 D0 0C 80
  can0  309   [8]  03 FE 00 AC 00 65 00 43
  can0  30A   [8]  00 04 40 00 00 05 FF 00
  can0  30B   [8]  9E FC 32 40 03 9C 03 FF
  can0  30C   [8]  00 00 01 95 03 FF 52 80
  can0  30D   [8]  00 00 40 48 00 00 04 24
  can0  30E   [8]  00 00 00 00 00 00 00 00
  can0  30F   [8]  03 20 7F 00 00 00 00 20
  can0  300   [8]  15 BA C3 40 0B 36 00 00
  can0  301   [8]  00 00 6D FF 00 00 00 00
  can0  302   [8]  06 00 00 43 00 43 00 1F
  can0  303   [8]  00 00 00 00 14 00 04 44
  can0  300   [8]  15 7C C1 40 0B 1D 00 00
  can0  301   [8]  00 00 6D FF 00 00 00 00
  can0  302   [8]  05 EC 00 43 00 43 00 1F
  can0  303   [8]  00 00 00 00 14 00 04 44
  can0  304   [8]  10 3E 24 93 00 3F 00 00
  can0  305   [8]  6D 5A 24 93 00 00 00 00
  can0  306   [8]  00 8B 00 8B 00 21 00 1E
  can0  307   [8]  00 00 00 00 00 00 04 38
  can0  300   [8]  15 3D BE 40 0B 03 00 00
  can0  301   [8]  00 00 6D FF 00 00 00 00
  can0  302   [8]  05 D7 00 43 00 43 00 1F
  can0  303   [8]  00 00 00 00 14 00 04 44
  can0  300   [8]  14 FD BC 40 0A E9 00 00
  can0  301   [8]  00 00 6E FF 00 00 00 00
  can0  302   [8]  05 C3 00 43 00 43 00 1F
  can0  303   [8]  00 00 00 00 14 00 04 44
  can0  304   [8]  10 3E 24 93 00 3F 00 00
  can0  305   [8]  6E 5A 24 93 00 00 00 00
  can0  306   [8]  00 8B 00 8B 00 21 00 1E
  can0  307   [8]  00 00 00 00 00 00 04 38
  can0  308   [8]  02 D9 02 1C 02 D0 0C 80
  can0  309   [8]  03 FE 00 AC 00 65 00 43
  can0  30A   [8]  00 04 40 00 00 05 FF 00
  can0  300   [8]  14 BC B9 40 0A CF 00 00
  can0  301   [8]  00 00 6E FF 00 00 00 00
  can0  302   [8]  05 AE 00 43 00 43 00 1F
  can0  303   [8]  00 00 00 00 14 00 04 44
  can0  300   [8]  14 7A B6 40 0A B5 00 00
  can0  301   [8]  00 00 6E FF 00 00 00 00
  can0  302   [8]  05 98 00 43 00 43 00 1F
  can0  303   [8]  00 00 00 00 14 00 04 44
  can0  304   [8]  10 3E 24 93 00 3F 00 00
  can0  305   [8]  6E 5A 24 93 00 00 00 00
  can0  306   [8]  00 8B 00 8B 00 22 00 1E
  can0  307   [8]  00 00 00 00 00 00 04 38
  can0  300   [8]  14 37 B3 40 0A 9A 00 00
  can0  301   [8]  00 00 6E FF 00 00 00 00
  can0  302   [8]  05 83 00 43 00 43 00 1F
  can0  303   [8]  00 00 00 00 14 00 04 44
  can0  300   [8]  13 F3 B1 40 0A 7E 00 00
  can0  301   [8]  00 00 6F FF 00 00 00 00
  can0  302   [8]  05 6D 00 43 00 43 00 1F
  can0  303   [8]  00 00 00 00 14 00 04 44
  can0  304   [8]  10 3E 24 93 00 3F 00 00
  can0  305   [8]  6F 5A 24 93 00 00 00 00
  can0  306   [8]  00 8B 00 8B 00 24 00 1E
  can0  307   [8]  00 00 00 00 00 00 04 38
  can0  308   [8]  02 DD 02 1C 02 D0 0C 80
  can0  309   [8]  03 FE 00 AC 00 65 00 43
  can0  30A   [8]  00 04 40 00 00 05 FF 00
  can0  30B   [8]  9E FC 32 3E 03 9C 03 FF
  can0  30C   [8]  00 00 01 95 03 FF 52 80
  can0  30D   [8]  00 00 40 48 00 00 04 24
  can0  30E   [8]  00 00 00 00 00 00 00 00
  can0  30F   [8]  03 20 7F 00 00 00 00 20
  can0  300   [8]  13 AE AE 40 0A 62 00 00
  can0  301   [8]  00 00 6F FF 00 00 00 00
  can0  302   [8]  05 57 00 43 00 43 00 1F
  can0  303   [8]  00 00 00 00 14 00 04 44
  can0  300   [8]  13 67 AB 40 0A 46 00 00
  can0  301   [8]  00 00 6F FF 00 00 00 00
  can0  302   [8]  05 40 00 43 00 43 00 1F
  can0  303   [8]  00 00 00 00 14 00 04 44
  can0  304   [8]  10 3E 24 93 00 3F 00 00
  can0  305   [8]  6F 5A 24 93 00 00 00 00
  can0  306   [8]  00 8B 00 8B 00 24 00 1E
  can0  307   [8]  00 00 00 00 00 00 04 38
  can0  300   [8]  13 20 A8 40 0A 29 00 00
  can0  301   [8]  00 00 70 FF 00 00 00 00
  can0  302   [8]  05 29 00 43 00 43 00 1F
  can0  303   [8]  00 00 00 00 14 00 04 44
  can0  300   [8]  12 D8 A5 40 0A 0C 00 00
  can0  301   [8]  00 00 70 FF 00 00 00 00
  can0  302   [8]  05 12 00 43 00 43 00 1F
  can0  303   [8]  00 00 00 00 14 00 04 44
  can0  304   [8]  10 3E 24 93 00 3F 00 00
  can0  305   [8]  70 5A 24 93 00 00 00 00
  can0  306   [8]  00 8B 00 8B 00 24 00 1E
  can0  307   [8]  00 00 00 00 00 00 04 38
  can0  308   [8]  02 D9 02 1C 02 D0 0C 80
  can0  309   [8]  03 FE 00 AC 00 65 00 43
  can0  30A   [8]  00 04 40 00 00 05 FF 00
  can0  300   [8]  12 8F A2 40 09 EF 00 00
  can0  301   [8]  00 00 70 FF 00 00 00 00
  can0  302   [8]  04 FA 00 43 00 43 00 1F
  can0  303   [8]  00 00 00 00 14 00 04 44
  can0  300   [8]  12 45 9F 40 09 D1 00 00
  can0  301   [8]  00 00 70 FF 00 00 00 00
  can0  302   [8]  04 E2 00 43 00 43 00 1F
  can0  303   [8]  00 00 00 00 14 00 04 44
  can0  304   [8]  10 3E 24 93 00 3F 00 00
  can0  305   [8]  70 5A 24 93 00 00 00 00
  can0  306   [8]  00 8B 00 8B 00 22 00 1E
  can0  307   [8]  00 00 00 00 00 00 04 38
  can0  300   [8]  11 FA 9C 40 09 B3 00 00
  can0  301   [8]  00 00 71 FF 00 00 00 00
  can0  302   [8]  04 CA 00 43 00 43 00 1F
  can0  303   [8]  00 00 00 00 14 00 04 44
  can0  300   [8]  0B D2 00 40 03 B6 00 00
  can0  301   [8]  00 00 7F FF 00 00 00 00
  can0  302   [8]  02 CE 00 43 00 43 00 1F
  can0  303   [8]  00 00 00 00 14 00 04 44
  can0  304   [8]  10 3E 24 93 00 3F 00 00
  can0  305   [8]  7F 5A 24 93 00 00 00 00
  can0  306   [8]  00 8B 00 8B 00 21 00 1E
  can0  307   [8]  00 00 00 00 00 00 04 38
  can0  308   [8]  02 D3 02 1C 02 D0 0C 80
  can0  309   [8]  03 FE 00 AC 00 65 00 43
  can0  30A   [8]  00 04 40 00 00 05 FF 00
  can0  30B   [8]  9E FC 32 3E 03 9C 03 FF
  can0  30C   [8]  00 00 01 95 03 FF 52 80
  can0  30D   [8]  00 00 40 48 00 00 04 24
  can0  30E   [8]  00 00 00 00 00 00 00 00
  can0  30F   [8]  03 20 7F 00 00 00 00 20
  can0  300   [8]  11 62 96 40 09 75 00 00
  can0  301   [8]  00 00 71 FF 00 00 00 00
  can0  302   [8]  04 99 00 43 00 43 00 1F
  can0  303   [8]  00 00 00 00 14 00 04 44
  can0  300   [8]  11 14 92 40 09 56 00 00
  can0  301   [8]  00 00 72 FF 00 00 00 00
  can0  302   [8]  04 80 00 43 00 43 00 1F
  can0  303   [8]  00 00 00 00 14 00 04 44
  can0  304   [8]  10 3E 24 93 00 3F 00 00
  can0  305   [8]  72 5A 24 93 00 00 00 00
  can0  306   [8]  00 8B 00 8B 00 21 00 1E
  can0  307   [8]  00 00 00 00 00 00 04 38
  can0  300   [8]  10 C6 8F 40 09 36 00 00
  can0  301   [8]  00 00 72 FF 00 00 00 00
  can0  302   [8]  04 67 00 43 00 43 00 1F
  can0  303   [8]  00 00 00 00 14 00 04 44
  can0  300   [8]  10 76 8C 40 09 16 00 00
  can0  301   [8]  00 00 72 FF 00 00 00 00
  can0  302   [8]  04 4D 00 43 00 43 00 1F
  can0  303   [8]  00 00 00 00 14 00 04 44
  can0  304   [8]  10 3E 24 93 00 3F 00 00
  can0  305   [8]  72 5A 24 93 00 00 00 00
  can0  306   [8]  00 8B 00 8B 00 23 00 1E
  can0  307   [8]  00 00 00 00 00 00 04 38
  can0  308   [8]  02 D2 02 1C 02 D0 0C 80
  can0  309   [8]  03 FE 00 AC 00 65 00 43
  can0  30A   [8]  00 04 40 00 00 05 FF 00
  can0  300   [8]  10 26 89 40 08 F6 00 00
  can0  301   [8]  00 00 72 FF 00 00 00 00
  can0  302   [8]  04 33 00 43 00 43 00 1F
  can0  303   [8]  00 00 00 00 14 00 04 44
  can0  300   [8]  0F D6 85 40 08 D6 00 00
  can0  301   [8]  00 00 73 FF 00 00 00 00
  can0  302   [8]  04 19 00 43 00 43 00 1F
  can0  303   [8]  00 00 00 00 14 00 04 44
  can0  304   [8]  10 3E 24 93 00 3F 00 00
  can0  305   [8]  73 5A 24 93 00 00 00 00
  can0  306   [8]  00 8B 00 8B 00 24 00 1E
  can0  307   [8]  00 00 00 00 00 00 04 38
  can0  300   [8]  0F 84 82 40 08 B5 00 00
  can0  301   [8]  00 00 73 FF 00 00 00 00
  can0  302   [8]  03 FF 00 43 00 43 00 1F
  can0  303   [8]  00 00 00 00 14 00 04 44
  can0  300   [8]  0F 32 7F 40 08 93 00 00
  can0  301   [8]  00 00 73 FF 00 00 00 00
  can0  302   [8]  03 E4 00 43 00 43 00 1F
  can0  303   [8]  00 00 00 00 14 00 04 44
  can0  304   [8]  10 3E 24 93 00 3F 00 00
  can0  305   [8]  73 5A 24 93 00 00 00 00
  can0  306   [8]  00 8B 00 8B 00 24 00 1E
  can0  307   [8]  00 00 00 00 00 00 04 38
  can0  308   [8]  02 D8 02 1C 02 D0 0C 80
  can0  309   [8]  03 FE 00 AC 00 65 00 43
  can0  30A   [8]  00 04 40 00 00 05 FF 00
  can0  30B   [8]  9E FC 32 3F 03 9C 03 FF
  can0  30C   [8]  00 00 01 95 03 FF 52 80
  can0  30D   [8]  00 00 40 48 00 00 04 24
  can0  30E   [8]  00 00 00 00 00 00 00 00
  can0  30F   [8]  03 20 7F 00 00 00 00 20
  can0  300   [8]  0E DF 7B 40 08 72 00 00
  can0  301   [8]  00 00 74 FF 00 00 00 00
  can0  302   [8]  03 CA 00 43 00 43 00 1F
  can0  303   [8]  00 00 00 00 14 00 04 44
  can0  300   [8]  0E 8B 78 40 08 50 00 00
  can0  301   [8]  00 00 74 FF 00 00 00 00
  can0  302   [8]  03 AE 00 43 00 43 00 1F
  can0  303   [8]  00 00 00 00 14 00 04 44
  can0  304   [8]  10 3E 24 93 00 3F 00 00
  can0  305   [8]  74 5A 24 93 00 00 00 00
  can0  306   [8]  00 8B 00 8B 00 22 00 1E
  can0  307   [8]  00 00 00 00 00 00 04 38
  can0  300   [8]  0E 37 74 40 08 2E 00 00
  can0  301   [8]  00 00 74 FF 00 00 00 00
  can0  302   [8]  03 93 00 43 00 43 00 1F
  can0  303   [8]  00 00 00 00 14 00 04 44
  can0  300   [8]  0D E2 71 40 08 0C 00 00
  can0  301   [8]  00 00 75 FF 00 00 00 00
  can0  302   [8]  03 78 00 43 00 43 00 1F
  can0  303   [8]  00 00 00 00 14 00 04 44
  can0  304   [8]  10 3E 24 93 00 3F 00 00
  can0  305   [8]  75 5A 24 93 00 00 00 00
  can0  306   [8]  00 8B 00 8B 00 21 00 1E
  can0  307   [8]  00 00 00 00 00 00 04 38
  can0  308   [8]  02 DC 02 1C 02 D0 0C 80
  can0  309   [8]  03 FE 00 AC 00 65 00 43
  can0  30A   [8]  00 04 40 00 00 05 FF 00
  can0  300   [8]  0D 8D 6D 40 07 EA 00 00
  can0  301   [8]  00 00 75 FF 00 00 00 00
  can0  302   [8]  03 5C 00 43 00 43 00 1F
  can0  303   [8]  00 00 00 00 14 00 04 44
  can0  300   [8]  0D 36 6A 40 07 C7 00 00
  can0  301   [8]  00 00 75 FF 00 00 00 00
  can0  302   [8]  03 40 00 43 00 43 00 1F
  can0  303   [8]  00 00 00 00 14 00 04 44
  can0  304   [8]  10 3E 24 93 00 3F 00 00
  can0  305   [8]  75 5A 24 93 00 00 00 00
  can0  306   [8]  00 8B 00 8B 00 21 00 1E
  can0  307   [8]  00 00 00 00 00 00 04 38
  can0  300   [8]  0C E0 66 40 07 A4 00 00
  can0  301   [8]  00 00 76 FF 00 00 00 00
  can0  302   [8]  03 25 00 43 00 43 00 1F
  can0  303   [8]  00 00 00 00 14 00 04 44
  can0  300   [8]  0C 88 63 40 07 80 00 00
  can0  301   [8]  00 00 76 FF 00 00 00 00
  can0  302   [8]  03 08 00 43 00 43 00 1F
  can0  303   [8]  00 00 00 00 14 00 04 44
  can0  304   [8]  10 3E 24 93 00 3F 00 00
  can0  305   [8]  76 5A 24 93 00 00 00 00
  can0  306   [8]  00 8B 00 8B 00 23 00 1E
  can0  307   [8]  00 00 00 00 00 00 04 38
  can0  308   [8]  02 DA 02 1C 02 D0 0C 80
  can0  309   [8]  03 FE 00 AC 00 65 00 43
  can0  30A   [8]  00 04 40 00 00 05 FF 00
  can0  30B   [8]  9F FC 32 41 03 9C 03 FF
  can0  30C   [8]  00 00 01 95 03 FF 52 80
  can0  30D   [8]  00 00 40 48 00 00 04 24
  can0  30E   [8]  00 00 00 00 00 00 00 00
  can0  30F   [8]  03 20 7F 00 00 00 00 20
  can0  300   [8]  0C 30 5F 40 07 5D 00 00
  can0  301   [8]  00 00 76 FF 00 00 00 00
  can0  302   [8]  02 EC 00 43 00 43 00 1F
  can0  303   [8]  00 00 00 00 14 00 04 44
  can0  300   [8]  0B D8 5B 40 07 39 00 00
  can0  301   [8]  00 00 77 FF 00 00 00 00
  can0  302   [8]  02 D0 00 43 00 43 00 1F
  can0  303   [8]  00 00 00 00 14 00 04 44
  can0  304   [8]  10 3E 24 93 00 3F 00 00
  can0  305   [8]  77 5A 24 93 00 00 00 00
  can0  306   [8]  00 8B 00 8B 00 24 00 1E
  can0  307   [8]  00 00 00 00 00 00 04 38
  can0  300   [8]  0B 7F 58 40 07 16 00 00
  can0  301   [8]  00 00 77 FF 00 00 00 00
  can0  302   [8]  02 B3 00 43 00 43 00 1F
  can0  303   [8]  00 00 00 00 14 00 04 44
  can0  300   [8]  0B 26 54 40 06 F2 00 00
  can0  301   [8]  00 00 77 FF 00 00 00 00
  can0  302   [8]  02 96 00 43 00 43 00 1F
  can0  303   [8]  00 00 00 00 14 00 04 44
  can0  304   [8]  10 3E 24 93 00 3F 00 00
  can0  305   [8]  77 5A 24 93 00 00 00 00
  can0  306   [8]  00 8B 00 8B 00 24 00 1E
  can0  307   [8]  00 00 00 00 00 00 04 38
  can0  308   [8]  02 D4 02 1C 02 D0 0C 80
  can0  309   [8]  03 FE 00 AC 00 65 00 43
  can0  30A   [8]  00 04 40 00 00 05 FF 00
  can0  300   [8]  0A CC 50 40 06 CD 00 00
  can0  301   [8]  00 00 78 FF 00 00 00 00
  can0  302   [8]  02 79 00 43 00 43 00 1F
  can0  303   [8]  00 00 00 00 14 00 04 44
  can0  300   [8]  0A 71 4D 40 06 A9 00 00
  can0  301   [8]  00 00 78 FF 00 00 00 00
  can0  302   [8]  02 5C 00 43 00 43 00 1F
  can0  303   [8]  00 00 00 00 14 00 04 44
  can0  304   [8]  10 3E 24 93 00 3F 00 00
  can0  305   [8]  78 5A 24 93 00 00 00 00
  can0  306   [8]  00 8B 00 8B 00 23 00 1E
  can0  307   [8]  00 00 00 00 00 00 04 38
  can0  300   [8]  0A 17 49 40 06 84 00 00
  can0  301   [8]  00 00 78 FF 00 00 00 00
  can0  302   [8]  02 3F 00 43 00 43 00 1F
  can0  303   [8]  00 00 00 00 14 00 04 44
  can0  300   [8]  09 BC 45 40 06 60 00 00
  can0  301   [8]  00 00 79 FF 00 00 00 00
  can0  302   [8]  02 21 00 43 00 43 00 1F
  can0  303   [8]  00 00 00 00 14 00 04 44
  can0  304   [8]  10 3E 24 93 00 3F 00 00
  can0  305   [8]  79 5A 24 93 00 00 00 00
  can0  306   [8]  00 8B 00 8B 00 21 00 1E
  can0  307   [8]  00 00 00 00 00 00 04 38
  can0  308   [8]  02 D1 02 1C 02 D0 0C 80
  can0  309   [8]  03 FE 00 AC 00 65 00 43
  can0  30A   [8]  00 04 40 00 00 05 FF 00
  can0  30B   [8]  9F FC 32 40 03 9C 03 FF
  can0  30C   [8]  00 00 01 95 03 FF 52 80
  can0  30D   [8]  00 00 40 48 00 00 04 24
  can0  30E   [8]  00 00 00 00 00 00 00 00
  can0  30F   [8]  03 20 7F 00 00 00 00 20
  can0  300   [8]  09 60 41 40 06 3B 00 00
  can0  301   [8]  00 00 79 FF 00 00 00 00
  can0  302   [8]  02 04 00 43 00 43 00 1F
  can0  303   [8]  00 00 00 00 14 00 04 44
  can0  300   [8]  09 04 3E 40 06 16 00 00
  can0  301   [8]  00 00 79 FF 00 00 00 00
  can0  302   [8]  01 E6 00 43 00 43 00 1F
  can0  303   [8]  00 00 00 00 14 00 04 44
  can0  304   [8]  10 3E 24 93 00 3F 00 00
  can0  305   [8]  79 5A 24 93 00 00 00 00
  can0  306   [8]  00 8B 00 8B 00 21 00 1E
  can0  307   [8]  00 00 00 00 00 00 04 38
  can0  300   [8]  08 A8 3A 40 05 F0 00 00
  can0  301   [8]  00 00 7A FF 00 00 00 00
  can0  302   [8]  01 C8 00 43 00 43 00 1F
  can0  303   [8]  00 00 00 00 14 00 04 44
  can0  300   [8]  08 4C 36 40 05 CB 00 00
  can0  301   [8]  00 00 7A FF 00 00 00 00
  can0  302   [8]  01 AB 00 43 00 43 00 1F
  can0  303   [8]  00 00 00 00 14 00 04 44
  can0  304   [8]  10 3E 24 93 00 3F 00 00
  can0  305   [8]  7A 5A 24 93 00 00 00 00
  can0  306   [8]  00 8B 00 8B 00 22 00 1E
  can0  307   [8]  00 00 00 00 00 00 04 38
  can0  308   [8]  02 D6 02 1C 02 D0 0C 80
  can0  309   [8]  03 FE 00 AC 00 65 00 43
  can0  30A   [8]  00 04 40 00 00 05 FF 00
  can0  300   [8]  07 EF 32 40 05 A6 00 00
  can0  301   [8]  00 00 7A FF 00 00 00 00
  can0  302   [8]  01 8D 00 43 00 43 00 1F
  can0  303   [8]  00 00 00 00 14 00 04 44
  can0  300   [8]  07 92 2E 40 05 80 00 00
  can0  301   [8]  00 00 7B FF 00 00 00 00
  can0  302   [8]  01 6F 00 43 00 43 00 1F
  can0  303   [8]  00 00 00 00 14 00 04 44
  can0  304   [8]  10 3E 24 93 00 3F 00 00
  can0  305   [8]  7B 5A 24 93 00 00 00 00
  can0  306   [8]  00 8B 00 8B 00 24 00 1E
  can0  307   [8]  00 00 00 00 00 00 04 38
  can0  300   [8]  07 35 2A 40 05 5B 00 00
  can0  301   [8]  00 00 7B FF 00 00 00 00
  can0  302   [8]  01 51 00 43 00 43 00 1F
  can0  303   [8]  00 00 00 00 14 00 04 44
  can0  300   [8]  06 D7 27 40 05 35 00 00
  can0  301   [8]  00 00 7B FF 00 00 00 00
  can0  302   [8]  01 32 00 43 00 43 00 1F
  can0  303   [8]  00 00 00 00 14 00 04 44
  can0  304   [8]  10 3E 24 93 00 3F 00 00
  can0  305   [8]  7B 5A 24 93 00 00 00 00
  can0  306   [8]  00 8B 00 8B 00 24 00 1E
  can0  307   [8]  00 00 00 00 00 00 04 38
  can0  308   [8]  02 DC 02 1C 02 D0 0C 80
  can0  309   [8]  03 FE 00 AC 00 65 00 43
  can0  30A   [8]  00 04 40 00 00 05 FF 00
  can0  30B   [8]  A0 FC 32 3E 03 9C 03 FF
  can0  30C   [8]  00 00 01 95 03 FF 52 80
  can0  30D   [8]  00 00 40 48 00 00 04 24
  can0  30E   [8]  00 00 00 00 00 00 00 00
  can0  30F   [8]  03 20 7F 00 00 00 00 20
  can0  300   [8]  06 7A 23 40 05 0F 00 00
  can0  301   [8]  00 00 7C FF 00 00 00 00
  can0  302   [8]  01 14 00 43 00 43 00 1F
  can0  303   [8]  00 00 00 00 14 00 04 44
  can0  300   [8]  06 1C 1F 40 04 EA 00 00
  can0  301   [8]  00 00 7C FF 00 00 00 00
  can0  302   [8]  00 F6 00 43 00 43 00 1F
  can0  303   [8]  00 00 00 00 14 00 04 44
  can0  304   [8]  10 3E 24 93 00 3F 00 00
  can0  305   [8]  7C 5A 24 93 00 00 00 00
  can0  306   [8]  00 8B 00 8B 00 23 00 1E
  can0  307   [8]  00 00 00 00 00 00 04 38
  can0  300   [8]  05 BE 1B 40 04 C4 00 00
  can0  301   [8]  00 00 7C FF 00 00 00 00
  can0  302   [8]  00 D8 00 43 00 43 00 1F
  can0  303   [8]  00 00 00 00 14 00 04 44
  can0  300   [8]  05 60 17 40 04 9E 00 00
  can0  301   [8]  00 00 7D FF 00 00 00 00
  can0  302   [8]  00 B9 00 43 00 43 00 1F
  can0  303   [8]  00 00 00 00 14 00 04 44
  can0  304   [8]  10 3E 24 93 00 3F 00 00
  can0  305   [8]  7D 5A 24 93 00 00 00 00
  can0  306   [8]  00 8B 00 8B 00 21 00 1E
  can0  307   [8]  00 00 00 00 00 00 04 38
  can0  308   [8]  02 DB 02 1C 02 D0 0C 80
  can0  309   [8]  03 FE 00 AC 00 65 00 43
  can0  30A   [8]  00 04 40 00 00 05 FF 00
  can0  300   [8]  05 02 13 40 04 78 00 00
  can0  301   [8]  00 00 7D FF 00 00 00 00
  can0  302   [8]  00 9B 00 43 00 43 00 1F
  can0  303   [8]  00 00 00 00 14 00 04 44
  can0  300   [8]  04 A4 0F 40 04 52 00 00
  can0  301   [8]  00 00 7E FF 00 00 00 00
  can0  302   [8]  00 7D 00 43 00 43 00 1F
  can0  303   [8]  00 00 00 00 14 00 04 44
  can0  304   [8]  10 3E 24 93 00 3F 00 00
  can0  305   [8]  7E 5A 24 93 00 00 00 00
  can0  306   [8]  00 8B 00 8B 00 21 00 1E
  can0  307   [8]  00 00 00 00 00 00 04 38
  can0  300   [8]  04 46 0C 40 04 2C 00 00
  can0  301   [8]  00 00 7E FF 00 00 00 00
  can0  302   [8]  00 5E 00 43 00 43 00 1F
  can0  303   [8]  00 00 00 00 14 00 04 44

